   19
AT2G45950.  0.000000  0.210476  1.741740  1.718618  1.810945  1.836629
  1.821087  1.981620  1.663662  1.541289  1.555112  1.498475  1.431890
  1.983542  2.050496  1.919251  1.911010  1.804693  1.750402
AT3G61415.  0.210476  0.000000  1.705265  1.735306  1.822410  1.861872
  1.748819  1.899298  1.596345  1.472419  1.480807  1.430586  1.476617
  1.917818  1.970065  1.829072  1.900184  1.732225  1.677913
AT3G60020.  1.741740  1.705265  0.000000  0.535366  0.443926  0.538483
  0.769887  0.722109  0.620018  0.593822  0.599602  0.482461  0.493738
  0.535017  0.794579  0.614268  0.576024  0.600414  0.608053
AT3G60010.  1.718618  1.735306  0.535366  0.000000  0.463886  0.463862
  0.560141  0.506829  0.450640  0.302757  0.302957  0.276585  0.436563
  0.551307  0.736826  0.684636  0.551421  0.552235  0.469434
AT1G20140.  1.810945  1.822410  0.443926  0.463886  0.000000  0.118055
  0.698614  0.620729  0.568682  0.500535  0.519074  0.399141  0.370834
  0.579208  0.746895  0.657777  0.560923  0.630187  0.514142
AT2G25700.  1.836629  1.861872  0.538483  0.463862  0.118055  0.000000
  0.768553  0.682192  0.610398  0.536551  0.546674  0.416572  0.450071
  0.701902  0.804048  0.831893  0.660744  0.662497  0.520672
AT3G21830.  1.821087  1.748819  0.769887  0.560141  0.698614  0.768553
  0.000000  0.290427  0.216372  0.514686  0.514967  0.506069  0.574967
  0.748072  0.885060  0.779793  0.728376  0.780707  0.686813
AT3G21860.  1.981620  1.899298  0.722109  0.506829  0.620729  0.682192
  0.290427  0.000000  0.140541  0.374274  0.374505  0.395034  0.478009
  0.593146  0.794767  0.675873  0.582586  0.601632  0.558766
AT3G21850.  1.663662  1.596345  0.620018  0.450640  0.568682  0.610398
  0.216372  0.140541  0.000000  0.376870  0.362368  0.368394  0.479548
  0.564671  0.822556  0.667173  0.562989  0.596725  0.530870
AT4G34210.  1.541289  1.472419  0.593822  0.302757  0.500535  0.536551
  0.514686  0.374274  0.376870  0.000000  0.010805  0.218513  0.391862
  0.513303  0.796096  0.571928  0.507207  0.451006  0.406595
AT4G34470.  1.555112  1.480807  0.599602  0.302957  0.519074  0.546674
  0.514967  0.374505  0.362368  0.010805  0.000000  0.224661  0.400364
  0.501615  0.803161  0.585749  0.517016  0.459173  0.415459
AT1G75950.  1.498475  1.430586  0.482461  0.276585  0.399141  0.416572
  0.506069  0.395034  0.368394  0.218513  0.224661  0.000000  0.260929
  0.474217  0.621511  0.555208  0.467162  0.411622  0.360325
AT5G42190.  1.431890  1.476617  0.493738  0.436563  0.370834  0.450071
  0.574967  0.478009  0.479548  0.391862  0.400364  0.260929  0.000000
  0.665472  0.733245  0.655711  0.671057  0.611797  0.531707
AT2G03160.  1.983542  1.917818  0.535017  0.551307  0.579208  0.701902
  0.748072  0.593146  0.564671  0.513303  0.501615  0.474217  0.665472
  0.000000  0.533619  0.486972  0.458000  0.370908  0.420142
AT2G20160.  2.050496  1.970065  0.794579  0.736826  0.746895  0.804048
  0.885060  0.794767  0.822556  0.796096  0.803161  0.621511  0.733245
  0.533619  0.000000  0.495001  0.460477  0.497959  0.631475
AT1G10230.  1.919251  1.829072  0.614268  0.684636  0.657777  0.831893
  0.779793  0.675873  0.667173  0.571928  0.585749  0.555208  0.655711
  0.486972  0.495001  0.000000  0.391435  0.399998  0.496416
AT2G03190.  1.911010  1.900184  0.576024  0.551421  0.560923  0.660744
  0.728376  0.582586  0.562989  0.507207  0.517016  0.467162  0.671057
  0.458000  0.460477  0.391435  0.000000  0.348771  0.341021
AT3G25650.  1.804693  1.732225  0.600414  0.552235  0.630187  0.662497
  0.780707  0.601632  0.596725  0.451006  0.459173  0.411622  0.611797
  0.370908  0.497959  0.399998  0.348771  0.000000  0.322309
AT2G03170.  1.750402  1.677913  0.608053  0.469434  0.514142  0.520672
  0.686813  0.558766  0.530870  0.406595  0.415459  0.360325  0.531707
  0.420142  0.631475  0.496416  0.341021  0.322309  0.000000
   19
AT2G45950.  0.000000  0.236690  1.644010  1.731594  1.802565  1.675679
  1.752741  1.881330  1.571035  1.768358  1.795131  1.697880  1.553509
  1.760393  1.915144  1.739699  1.989055  1.718444  1.668518
AT3G61415.  0.236690  0.000000  1.626958  1.733214  1.814478  1.684942
  1.682550  1.801667  1.507360  1.677702  1.702045  1.629805  1.596096
  1.665547  1.824806  1.664248  1.925961  1.648784  1.582536
AT3G60020.  1.644010  1.626958  0.000000  0.467774  0.509742  0.575187
  0.656530  0.695160  0.591391  0.529841  0.560953  0.506354  0.571777
  0.716799  0.835435  0.683929  0.651153  0.603644  0.628036
AT3G60010.  1.731594  1.733214  0.467774  0.000000  0.385058  0.423180
  0.584382  0.525297  0.483705  0.391525  0.418170  0.341463  0.420517
  0.514772  0.638634  0.585039  0.498381  0.482806  0.452132
AT1G20140.  1.802565  1.814478  0.509742  0.385058  0.000000  0.065229
  0.649526  0.595073  0.537091  0.472758  0.499860  0.380083  0.330225
  0.609049  0.602225  0.625277  0.554099  0.589673  0.436517
AT2G25700.  1.675679  1.684942  0.575187  0.423180  0.065229  0.000000
  0.639586  0.597491  0.503617  0.496073  0.524103  0.393918  0.351595
  0.584947  0.594530  0.624114  0.531392  0.565970  0.438230
AT3G21830.  1.752741  1.682550  0.656530  0.584382  0.649526  0.639586
  0.000000  0.264577  0.215432  0.432334  0.458388  0.416853  0.497090
  0.602281  0.763494  0.591346  0.608115  0.545285  0.490884
AT3G21860.  1.881330  1.801667  0.695160  0.525297  0.595073  0.597491
  0.264577  0.000000  0.150771  0.322182  0.346995  0.338625  0.416989
  0.549900  0.817211  0.565499  0.587547  0.482753  0.456987
AT3G21850.  1.571035  1.507360  0.591391  0.483705  0.537091  0.503617
  0.215432  0.150771  0.000000  0.350090  0.326000  0.336921  0.459616
  0.427934  0.690112  0.519131  0.492953  0.423201  0.407105
AT4G34210.  1.768358  1.677702  0.529841  0.391525  0.472758  0.496073
  0.432334  0.322182  0.350090  0.000000  0.017777  0.241996  0.365956
  0.533077  0.750304  0.520612  0.530684  0.464675  0.409109
AT4G34470.  1.795131  1.702045  0.560953  0.418170  0.499860  0.524103
  0.458388  0.346995  0.326000  0.017777  0.000000  0.263645  0.391399
  0.504479  0.765923  0.549139  0.560486  0.493598  0.435862
AT1G75950.  1.697880  1.629805  0.506354  0.341463  0.380083  0.393918
  0.416853  0.338625  0.336921  0.241996  0.263645  0.000000  0.226666
  0.460864  0.595622  0.508259  0.461481  0.414067  0.329152
AT5G42190.  1.553509  1.596096  0.571777  0.420517  0.330225  0.351595
  0.497090  0.416989  0.459616  0.365956  0.391399  0.226666  0.000000
  0.609090  0.676576  0.568433  0.617292  0.533128  0.421056
AT2G03160.  1.760393  1.665547  0.716799  0.514772  0.609049  0.584947
  0.602281  0.549900  0.427934  0.533077  0.504479  0.460864  0.609090
  0.000000  0.503840  0.413062  0.486001  0.368563  0.406421
AT2G20160.  1.915144  1.824806  0.835435  0.638634  0.602225  0.594530
  0.763494  0.817211  0.690112  0.750304  0.765923  0.595622  0.676576
  0.503840  0.000000  0.556329  0.421477  0.444815  0.510745
AT1G10230.  1.739699  1.664248  0.683929  0.585039  0.625277  0.624114
  0.591346  0.565499  0.519131  0.520612  0.549139  0.508259  0.568433
  0.413062  0.556329  0.000000  0.410021  0.342489  0.379251
AT2G03190.  1.989055  1.925961  0.651153  0.498381  0.554099  0.531392
  0.608115  0.587547  0.492953  0.530684  0.560486  0.461481  0.617292
  0.486001  0.421477  0.410021  0.000000  0.367760  0.300077
AT3G25650.  1.718444  1.648784  0.603644  0.482806  0.589673  0.565970
  0.545285  0.482753  0.423201  0.464675  0.493598  0.414067  0.533128
  0.368563  0.444815  0.342489  0.367760  0.000000  0.316613
AT2G03170.  1.668518  1.582536  0.628036  0.452132  0.436517  0.438230
  0.490884  0.456987  0.407105  0.409109  0.435862  0.329152  0.421056
  0.406421  0.510745  0.379251  0.300077  0.316613  0.000000
   19
AT2G45950.  0.000000  0.225217  1.727391  1.508599  1.532797  1.481949
  1.844640  1.721493  1.464848  1.613444  1.622611  1.536028  1.472052
  1.470354  1.624294  1.673862  1.760797  1.674979  1.487163
AT3G61415.  0.225217  0.000000  1.690876  1.487923  1.512159  1.466237
  1.824992  1.701627  1.444100  1.563547  1.572431  1.520332  1.450566
  1.438856  1.595999  1.587847  1.789978  1.651546  1.447161
AT3G60020.  1.727391  1.690876  0.000000  0.526884  0.610799  0.648228
  0.807585  0.705444  0.657985  0.595189  0.607652  0.610089  0.645419
  0.820701  0.846498  0.789539  0.705824  0.767353  0.646564
AT3G60010.  1.508599  1.487923  0.526884  0.000000  0.509526  0.560724
  0.658243  0.503991  0.515781  0.344044  0.353076  0.397151  0.461808
  0.639382  0.569295  0.605014  0.576348  0.533716  0.431468
AT1G20140.  1.532797  1.512159  0.610799  0.509526  0.000000  0.072659
  0.681143  0.588660  0.515282  0.617624  0.628732  0.441115  0.511596
  0.742907  0.694142  0.846484  0.687436  0.827094  0.590307
AT2G25700.  1.481949  1.466237  0.648228  0.560724  0.072659  0.000000
  0.708869  0.617314  0.531945  0.650568  0.662128  0.451428  0.545455
  0.751944  0.701842  0.859583  0.697688  0.810238  0.602379
AT3G21830.  1.844640  1.824992  0.807585  0.658243  0.681143  0.708869
  0.000000  0.281661  0.233911  0.596741  0.607893  0.586963  0.624180
  0.763905  0.799131  0.836734  0.759831  0.744961  0.587824
AT3G21860.  1.721493  1.701627  0.705444  0.503991  0.588660  0.617314
  0.281661  0.000000  0.159209  0.404643  0.414250  0.391358  0.394840
  0.635150  0.783310  0.784685  0.696592  0.648088  0.566170
AT3G21850.  1.464848  1.444100  0.657985  0.515781  0.515282  0.531945
  0.233911  0.159209  0.000000  0.452793  0.443124  0.400170  0.453012
  0.569793  0.673864  0.754362  0.616018  0.611755  0.468372
AT4G34210.  1.613444  1.563547  0.595189  0.344044  0.617624  0.650568
  0.596741  0.404643  0.452793  0.000000  0.006456  0.320987  0.442467
  0.575069  0.632422  0.548303  0.544615  0.531259  0.397314
AT4G34470.  1.622611  1.572431  0.607652  0.353076  0.628732  0.662128
  0.607893  0.414250  0.443124  0.006456  0.000000  0.329545  0.452370
  0.564461  0.637509  0.559035  0.555492  0.542213  0.407198
AT1G75950.  1.536028  1.520332  0.610089  0.397151  0.441115  0.451428
  0.586963  0.391358  0.400170  0.320987  0.329545  0.000000  0.226819
  0.683141  0.594056  0.688896  0.633579  0.624677  0.436058
AT5G42190.  1.472052  1.450566  0.645419  0.461808  0.511596  0.545455
  0.624180  0.394840  0.453012  0.442467  0.452370  0.226819  0.000000
  0.834630  0.677736  0.717998  0.833273  0.743041  0.519119
AT2G03160.  1.470354  1.438856  0.820701  0.639382  0.742907  0.751944
  0.763905  0.635150  0.569793  0.575069  0.564461  0.683141  0.834630
  0.000000  0.485744  0.587125  0.557458  0.395943  0.472124
AT2G20160.  1.624294  1.595999  0.846498  0.569295  0.694142  0.701842
  0.799131  0.783310  0.673864  0.632422  0.637509  0.594056  0.677736
  0.485744  0.000000  0.508700  0.355263  0.431141  0.421808
AT1G10230.  1.673862  1.587847  0.789539  0.605014  0.846484  0.859583
  0.836734  0.784685  0.754362  0.548303  0.559035  0.688896  0.717998
  0.587125  0.508700  0.000000  0.432724  0.406615  0.404996
AT2G03190.  1.760797  1.789978  0.705824  0.576348  0.687436  0.697688
  0.759831  0.696592  0.616018  0.544615  0.555492  0.633579  0.833273
  0.557458  0.355263  0.432724  0.000000  0.303285  0.291663
AT3G25650.  1.674979  1.651546  0.767353  0.533716  0.827094  0.810238
  0.744961  0.648088  0.611755  0.531259  0.542213  0.624677  0.743041
  0.395943  0.431141  0.406615  0.303285  0.000000  0.312087
AT2G03170.  1.487163  1.447161  0.646564  0.431468  0.590307  0.602379
  0.587824  0.566170  0.468372  0.397314  0.407198  0.436058  0.519119
  0.472124  0.421808  0.404996  0.291663  0.312087  0.000000
   19
AT2G45950.  0.000000  0.224661  1.953271  1.872801  1.973646  1.978634
  1.934942  2.077622  1.687955  1.808711  1.866046  1.786401  1.582824
  2.227509  2.271249  2.373167  2.198570  1.870660  1.830691
AT3G61415.  0.224661  0.000000  1.888172  1.892982  1.964815  2.010067
  1.811761  1.946448  1.584370  1.697342  1.737635  1.661321  1.639663
  2.028321  2.147646  2.163851  2.120022  1.720536  1.748201
AT3G60020.  1.953271  1.888172  0.000000  0.694071  0.577770  0.616326
  0.822128  0.819260  0.678630  0.704998  0.695779  0.588096  0.650955
  0.866276  1.031106  0.962948  0.834882  0.749211  0.761950
AT3G60010.  1.872801  1.892982  0.694071  0.000000  0.419606  0.469989
  0.764318  0.710508  0.638787  0.410775  0.393373  0.389284  0.409250
  0.631485  0.727903  0.671719  0.594133  0.657382  0.480024
AT1G20140.  1.973646  1.964815  0.577770  0.419606  0.000000  0.116086
  0.753516  0.679925  0.562137  0.422920  0.443658  0.336731  0.364723
  0.689682  0.664106  0.719991  0.526093  0.731074  0.449513
AT2G25700.  1.978634  2.010067  0.616326  0.469989  0.116086  0.000000
  0.817710  0.779378  0.619728  0.508465  0.510923  0.346436  0.422689
  0.813055  0.671848  0.851402  0.617229  0.805745  0.460357
AT3G21830.  1.934942  1.811761  0.822128  0.764318  0.753516  0.817710
  0.000000  0.338747  0.226205  0.550254  0.542230  0.673982  0.702999
  0.794230  0.940688  0.906912  0.782141  0.802378  0.738172
AT3G21860.  2.077622  1.946448  0.819260  0.710508  0.679925  0.779378
  0.338747  0.000000  0.236845  0.420020  0.412471  0.520850  0.555633
  0.764337  0.919931  0.894498  0.740508  0.722404  0.700771
AT3G21850.  1.687955  1.584370  0.678630  0.638787  0.562137  0.619728
  0.226205  0.236845  0.000000  0.418375  0.410917  0.491214  0.552119
  0.614073  0.834430  0.762825  0.596380  0.634661  0.575791
AT4G34210.  1.808711  1.697342  0.704998  0.410775  0.422920  0.508465
  0.550254  0.420020  0.418375  0.000000  0.018315  0.251059  0.359539
  0.502875  0.773308  0.580062  0.524973  0.489491  0.430195
AT4G34470.  1.866046  1.737635  0.695779  0.393373  0.443658  0.510923
  0.542230  0.412471  0.410917  0.018315  0.000000  0.250008  0.361036
  0.495665  0.778064  0.591934  0.527510  0.489009  0.432154
AT1G75950.  1.786401  1.661321  0.588096  0.389284  0.336731  0.346436
  0.673982  0.520850  0.491214  0.251059  0.250008  0.000000  0.165325
  0.627517  0.645170  0.599443  0.538528  0.593566  0.468480
AT5G42190.  1.582824  1.639663  0.650955  0.409250  0.364723  0.422689
  0.702999  0.555633  0.552119  0.359539  0.361036  0.165325  0.000000
  0.819259  0.733512  0.654709  0.664206  0.676632  0.477123
AT2G03160.  2.227509  2.028321  0.866276  0.631485  0.689682  0.813055
  0.794230  0.764337  0.614073  0.502875  0.495665  0.627517  0.819259
  0.000000  0.668918  0.510461  0.502046  0.436367  0.467581
AT2G20160.  2.271249  2.147646  1.031106  0.727903  0.664106  0.671848
  0.940688  0.919931  0.834430  0.773308  0.778064  0.645170  0.733512
  0.668918  0.000000  0.722981  0.478982  0.654157  0.585979
AT1G10230.  2.373167  2.163851  0.962948  0.671719  0.719991  0.851402
  0.906912  0.894498  0.762825  0.580062  0.591934  0.599443  0.654709
  0.510461  0.722981  0.000000  0.562317  0.452524  0.541848
AT2G03190.  2.198570  2.120022  0.834882  0.594133  0.526093  0.617229
  0.782141  0.740508  0.596380  0.524973  0.527510  0.538528  0.664206
  0.502046  0.478982  0.562317  0.000000  0.483697  0.336366
AT3G25650.  1.870660  1.720536  0.749211  0.657382  0.731074  0.805745
  0.802378  0.722404  0.634661  0.489491  0.489009  0.593566  0.676632
  0.436367  0.654157  0.452524  0.483697  0.000000  0.406817
AT2G03170.  1.830691  1.748201  0.761950  0.480024  0.449513  0.460357
  0.738172  0.700771  0.575791  0.430195  0.432154  0.468480  0.477123
  0.467581  0.585979  0.541848  0.336366  0.406817  0.000000
   19
AT2G45950.  0.000000  0.302117  1.715229  2.011044  2.245334  2.225299
  2.039770  2.061296  1.747955  1.957846  1.984886  1.803160  1.690100
  2.301740  1.935414  2.041386  2.089086  1.763165  1.933225
AT3G61415.  0.302117  0.000000  1.597169  2.037860  2.186902  2.205335
  1.969613  1.992283  1.681211  1.869707  1.880309  1.717859  1.668512
  2.110684  1.898045  1.920024  2.189507  1.683446  1.884893
AT3G60020.  1.715229  1.597169  0.000000  0.687529  0.799396  0.804219
  0.664120  0.839871  0.650225  0.731286  0.721392  0.689133  0.730297
  0.874321  0.945213  0.815003  0.859260  0.773915  0.785458
AT3G60010.  2.011044  2.037860  0.687529  0.000000  0.444228  0.442095
  0.637855  0.553177  0.535360  0.353299  0.334893  0.353566  0.371258
  0.520772  0.744061  0.542879  0.629735  0.625273  0.543123
AT1G20140.  2.245334  2.186902  0.799396  0.444228  0.000000  0.077233
  0.584198  0.457119  0.430840  0.427971  0.449803  0.400713  0.380563
  0.680974  0.630108  0.642592  0.644420  0.855457  0.581728
AT2G25700.  2.225299  2.205335  0.804219  0.442095  0.077233  0.000000
  0.636410  0.472447  0.465445  0.433059  0.435063  0.355967  0.386380
  0.698511  0.643797  0.698587  0.641553  0.858049  0.558137
AT3G21830.  2.039770  1.969613  0.664120  0.637855  0.584198  0.636410
  0.000000  0.273003  0.150176  0.546366  0.525712  0.520410  0.524132
  0.749861  0.927845  0.773526  0.774486  0.803949  0.681542
AT3G21860.  2.061296  1.992283  0.839871  0.553177  0.457119  0.472447
  0.273003  0.000000  0.190164  0.445129  0.425932  0.416027  0.439238
  0.685511  0.839944  0.793184  0.681191  0.724496  0.666545
AT3G21850.  1.747955  1.681211  0.650225  0.535360  0.430840  0.465445
  0.150176  0.190164  0.000000  0.462989  0.443947  0.415446  0.451567
  0.526424  0.801204  0.628984  0.601731  0.621037  0.519920
AT4G34210.  1.957846  1.869707  0.731286  0.353299  0.427971  0.433059
  0.546366  0.445129  0.462989  0.000000  0.013252  0.231359  0.320741
  0.513898  0.796380  0.511944  0.633778  0.605073  0.504050
AT4G34470.  1.984886  1.880309  0.721392  0.334893  0.449803  0.435063
  0.525712  0.425932  0.443947  0.013252  0.000000  0.230241  0.322083
  0.505983  0.801876  0.523766  0.637642  0.605262  0.506760
AT1G75950.  1.803160  1.717859  0.689133  0.353566  0.400713  0.355967
  0.520410  0.416027  0.415446  0.231359  0.230241  0.000000  0.194968
  0.561861  0.671578  0.588437  0.629586  0.638400  0.468818
AT5G42190.  1.690100  1.668512  0.730297  0.371258  0.380563  0.386380
  0.524132  0.439238  0.451567  0.320741  0.322083  0.194968  0.000000
  0.634493  0.689065  0.596762  0.750749  0.738990  0.511192
AT2G03160.  2.301740  2.110684  0.874321  0.520772  0.680974  0.698511
  0.749861  0.685511  0.526424  0.513898  0.505983  0.561861  0.634493
  0.000000  0.603999  0.510274  0.577847  0.512317  0.503167
AT2G20160.  1.935414  1.898045  0.945213  0.744061  0.630108  0.643797
  0.927845  0.839944  0.801204  0.796380  0.801876  0.671578  0.689065
  0.603999  0.000000  0.572882  0.520466  0.553513  0.591238
AT1G10230.  2.041386  1.920024  0.815003  0.542879  0.642592  0.698587
  0.773526  0.793184  0.628984  0.511944  0.523766  0.588437  0.596762
  0.510274  0.572882  0.000000  0.450065  0.445452  0.448379
AT2G03190.  2.089086  2.189507  0.859260  0.629735  0.644420  0.641553
  0.774486  0.681191  0.601731  0.633778  0.637642  0.629586  0.750749
  0.577847  0.520466  0.450065  0.000000  0.517418  0.404074
AT3G25650.  1.763165  1.683446  0.773915  0.625273  0.855457  0.858049
  0.803949  0.724496  0.621037  0.605073  0.605262  0.638400  0.738990
  0.512317  0.553513  0.445452  0.517418  0.000000  0.319516
AT2G03170.  1.933225  1.884893  0.785458  0.543123  0.581728  0.558137
  0.681542  0.666545  0.519920  0.504050  0.506760  0.468818  0.511192
  0.503167  0.591238  0.448379  0.404074  0.319516  0.000000
   19
AT2G45950.  0.000000  0.228135  1.380546  1.368634  1.337227  1.285332
  1.534983  1.524248  1.405604  1.320405  1.351366  1.273436  1.235946
  1.742794  1.419244  1.681079  1.674040  1.601028  1.474215
AT3G61415.  0.228135  0.000000  1.317816  1.379276  1.302946  1.272333
  1.493605  1.482568  1.365284  1.263000  1.288706  1.234681  1.214009
  1.630536  1.383094  1.599072  1.667673  1.515778  1.434851
AT3G60020.  1.380546  1.317816  0.000000  0.490784  0.445870  0.482414
  0.590863  0.547242  0.513534  0.385267  0.382026  0.374061  0.373754
  0.580692  0.814014  0.617757  0.701438  0.616802  0.578796
AT3G60010.  1.368634  1.379276  0.490784  0.000000  0.394620  0.431555
  0.683507  0.518106  0.463720  0.351988  0.343537  0.408055  0.446477
  0.684342  0.702487  0.740344  0.658360  0.640407  0.441373
AT1G20140.  1.337227  1.302946  0.445870  0.394620  0.000000  0.085105
  0.551268  0.463200  0.400249  0.442383  0.453032  0.441396  0.378372
  0.675815  0.556498  0.635070  0.667411  0.731498  0.442068
AT2G25700.  1.285332  1.272333  0.482414  0.431555  0.085105  0.000000
  0.641832  0.495731  0.448195  0.462626  0.463724  0.430112  0.424017
  0.703692  0.577394  0.681435  0.667769  0.700569  0.435915
AT3G21830.  1.534983  1.493605  0.590863  0.683507  0.551268  0.641832
  0.000000  0.294046  0.220310  0.565573  0.567233  0.418837  0.450162
  0.845546  0.739441  0.694911  0.730022  0.779933  0.632779
AT3G21860.  1.524248  1.482568  0.547242  0.518106  0.463200  0.495731
  0.294046  0.000000  0.103336  0.415672  0.416827  0.332264  0.333963
  0.662297  0.785788  0.645199  0.639053  0.641395  0.561661
AT3G21850.  1.405604  1.365284  0.513534  0.463720  0.400249  0.448195
  0.220310  0.103336  0.000000  0.408308  0.409418  0.275009  0.332359
  0.608753  0.667972  0.581276  0.547125  0.587940  0.443579
AT4G34210.  1.320405  1.263000  0.385267  0.351988  0.442383  0.462626
  0.565573  0.415672  0.408308  0.000000  0.012882  0.254619  0.351506
  0.547202  0.707108  0.471832  0.609209  0.523122  0.469073
AT4G34470.  1.351366  1.288706  0.382026  0.343537  0.453032  0.463724
  0.567233  0.416827  0.409418  0.012882  0.000000  0.254082  0.352235
  0.543270  0.709280  0.476784  0.610913  0.522967  0.470218
AT1G75950.  1.273436  1.234681  0.374061  0.408055  0.441396  0.430112
  0.418837  0.332264  0.275009  0.254619  0.254082  0.000000  0.277865
  0.708348  0.588305  0.624402  0.609482  0.645881  0.390829
AT5G42190.  1.235946  1.214009  0.373754  0.446477  0.378372  0.424017
  0.450162  0.333963  0.332359  0.351506  0.352235  0.277865  0.000000
  0.756013  0.584236  0.681394  0.769973  0.707394  0.457473
AT2G03160.  1.742794  1.630536  0.580692  0.684342  0.675815  0.703692
  0.845546  0.662297  0.608753  0.547202  0.543270  0.708348  0.756013
  0.000000  0.589182  0.515015  0.575927  0.507953  0.412374
AT2G20160.  1.419244  1.383094  0.814014  0.702487  0.556498  0.577394
  0.739441  0.785788  0.667972  0.707108  0.709280  0.588305  0.584236
  0.589182  0.000000  0.452838  0.362643  0.481555  0.421634
AT1G10230.  1.681079  1.599072  0.617757  0.740344  0.635070  0.681435
  0.694911  0.645199  0.581276  0.471832  0.476784  0.624402  0.681394
  0.515015  0.452838  0.000000  0.435847  0.354968  0.393812
AT2G03190.  1.674040  1.667673  0.701438  0.658360  0.667411  0.667769
  0.730022  0.639053  0.547125  0.609209  0.610913  0.609482  0.769973
  0.575927  0.362643  0.435847  0.000000  0.442279  0.344801
AT3G25650.  1.601028  1.515778  0.616802  0.640407  0.731498  0.700569
  0.779933  0.641395  0.587940  0.523122  0.522967  0.645881  0.707394
  0.507953  0.481555  0.354968  0.442279  0.000000  0.289771
AT2G03170.  1.474215  1.434851  0.578796  0.441373  0.442068  0.435915
  0.632779  0.561661  0.443579  0.469073  0.470218  0.390829  0.457473
  0.412374  0.421634  0.393812  0.344801  0.289771  0.000000
   19
AT2G45950.  0.000000  0.237132  1.571480  1.774496  1.757255  1.820109
  1.657735  1.865624  1.557873  1.554126  1.587133  1.544752  1.510231
  1.933112  1.787473  1.664629  1.680763  1.749125  1.585726
AT3G61415.  0.237132  0.000000  1.455315  1.720586  1.681542  1.779393
  1.527614  1.724554  1.436579  1.443611  1.463010  1.415489  1.489354
  1.704613  1.688552  1.520839  1.703974  1.581100  1.501149
AT3G60020.  1.571480  1.455315  0.000000  0.588059  0.698752  0.716578
  0.710830  0.784071  0.684812  0.618332  0.633787  0.547235  0.620397
  0.817171  0.879332  0.812512  0.876977  0.714950  0.711454
AT3G60010.  1.774496  1.720586  0.588059  0.000000  0.417773  0.463565
  0.619687  0.508832  0.514688  0.343792  0.344383  0.322287  0.303673
  0.518863  0.627187  0.538544  0.610939  0.564663  0.413450
AT1G20140.  1.757255  1.681542  0.698752  0.417773  0.000000  0.105244
  0.634537  0.462331  0.407530  0.385564  0.428844  0.368172  0.335248
  0.576604  0.584331  0.588773  0.600918  0.606469  0.410456
AT2G25700.  1.820109  1.779393  0.716578  0.463565  0.105244  0.000000
  0.720523  0.560231  0.508909  0.502902  0.527877  0.438771  0.408490
  0.670364  0.542751  0.686598  0.670717  0.687891  0.419294
AT3G21830.  1.657735  1.527614  0.710830  0.619687  0.634537  0.720523
  0.000000  0.404449  0.336660  0.556120  0.556895  0.610621  0.668293
  0.791095  0.866536  0.832107  0.844091  0.770090  0.611908
AT3G21860.  1.865624  1.724554  0.784071  0.508832  0.462331  0.560231
  0.404449  0.000000  0.217106  0.336992  0.337562  0.404252  0.469056
  0.594853  0.732116  0.612124  0.607931  0.513326  0.487621
AT3G21850.  1.557873  1.436579  0.684812  0.514688  0.407530  0.508909
  0.336660  0.217106  0.000000  0.379134  0.341238  0.402482  0.502749
  0.537970  0.744972  0.625241  0.628163  0.531549  0.441957
AT4G34210.  1.554126  1.443611  0.618332  0.343792  0.385564  0.502902
  0.556120  0.336992  0.379134  0.000000  0.029303  0.207993  0.299264
  0.446015  0.664957  0.501886  0.525253  0.419913  0.393398
AT4G34470.  1.587133  1.463010  0.633787  0.344383  0.428844  0.527877
  0.556895  0.337562  0.341238  0.029303  0.000000  0.224253  0.320027
  0.417125  0.680063  0.536822  0.551233  0.441050  0.416756
AT1G75950.  1.544752  1.415489  0.547235  0.322287  0.368172  0.438771
  0.610621  0.404252  0.402482  0.207993  0.224253  0.000000  0.268435
  0.445922  0.539260  0.494648  0.575465  0.451897  0.374544
AT5G42190.  1.510231  1.489354  0.620397  0.303673  0.335248  0.408490
  0.668293  0.469056  0.502749  0.299264  0.320027  0.268435  0.000000
  0.676939  0.597802  0.541201  0.750505  0.563266  0.388053
AT2G03160.  1.933112  1.704613  0.817171  0.518863  0.576604  0.670364
  0.791095  0.594853  0.537970  0.446015  0.417125  0.445922  0.676939
  0.000000  0.561416  0.493273  0.642193  0.397845  0.361440
AT2G20160.  1.787473  1.688552  0.879332  0.627187  0.584331  0.542751
  0.866536  0.732116  0.744972  0.664957  0.680063  0.539260  0.597802
  0.561416  0.000000  0.522976  0.458872  0.424506  0.503042
AT1G10230.  1.664629  1.520839  0.812512  0.538544  0.588773  0.686598
  0.832107  0.612124  0.625241  0.501886  0.536822  0.494648  0.541201
  0.493273  0.522976  0.000000  0.495731  0.366638  0.427511
AT2G03190.  1.680763  1.703974  0.876977  0.610939  0.600918  0.670717
  0.844091  0.607931  0.628163  0.525253  0.551233  0.575465  0.750505
  0.642193  0.458872  0.495731  0.000000  0.543680  0.362902
AT3G25650.  1.749125  1.581100  0.714950  0.564663  0.606469  0.687891
  0.770090  0.513326  0.531549  0.419913  0.441050  0.451897  0.563266
  0.397845  0.424506  0.366638  0.543680  0.000000  0.273349
AT2G03170.  1.585726  1.501149  0.711454  0.413450  0.410456  0.419294
  0.611908  0.487621  0.441957  0.393398  0.416756  0.374544  0.388053
  0.361440  0.503042  0.427511  0.362902  0.273349  0.000000
   19
AT2G45950.  0.000000  0.217128  1.674449  1.646031  1.735254  1.724887
  1.900089  1.815029  1.460755  1.542668  1.558807  1.499138  1.457751
  1.945208  2.000879  1.939658  1.841194  2.176823  1.594061
AT3G61415.  0.217128  0.000000  1.526436  1.696219  1.637174  1.666805
  1.724780  1.648479  1.325902  1.390797  1.395281  1.356181  1.407230
  1.678810  1.839323  1.764918  1.885717  1.925684  1.471251
AT3G60020.  1.674449  1.526436  0.000000  0.484838  0.519210  0.562752
  0.711269  0.678350  0.555705  0.619417  0.611313  0.497111  0.572302
  0.554414  0.758032  0.700813  0.668306  0.651817  0.651944
AT3G60010.  1.646031  1.696219  0.484838  0.000000  0.548563  0.556868
  0.702259  0.559613  0.519511  0.440050  0.423256  0.452331  0.537881
  0.648497  0.791607  0.810219  0.702948  0.664369  0.465109
AT1G20140.  1.735254  1.637174  0.519210  0.548563  0.000000  0.116786
  0.666048  0.482574  0.489234  0.565427  0.588140  0.438975  0.390213
  0.713420  0.712661  0.790954  0.665593  0.774442  0.532274
AT2G25700.  1.724887  1.666805  0.562752  0.556868  0.116786  0.000000
  0.742626  0.549043  0.543444  0.600395  0.603345  0.419788  0.478756
  0.811412  0.775842  0.926926  0.743274  0.785043  0.516508
AT3G21830.  1.900089  1.724780  0.711269  0.702259  0.666048  0.742626
  0.000000  0.312235  0.239915  0.570494  0.551838  0.590536  0.558957
  0.802018  0.810444  0.814376  0.836776  0.718859  0.620780
AT3G21860.  1.815029  1.648479  0.678350  0.559613  0.482574  0.549043
  0.312235  0.000000  0.122304  0.398632  0.382157  0.427609  0.394928
  0.677975  0.789556  0.761727  0.711418  0.617708  0.495180
AT3G21850.  1.460755  1.325902  0.555705  0.519511  0.489234  0.543444
  0.239915  0.122304  0.000000  0.392081  0.375912  0.399372  0.383676
  0.637393  0.730735  0.738021  0.675684  0.590511  0.469823
AT4G34210.  1.542668  1.390797  0.619417  0.440050  0.565427  0.600395
  0.570494  0.398632  0.392081  0.000000  0.011919  0.334472  0.465327
  0.571844  0.739020  0.553887  0.691143  0.497377  0.368811
AT4G34470.  1.558807  1.395281  0.611313  0.423256  0.588140  0.603345
  0.551838  0.382157  0.375912  0.011919  0.000000  0.333549  0.467365
  0.564652  0.743360  0.564649  0.694947  0.496961  0.370302
AT1G75950.  1.499138  1.356181  0.497111  0.452331  0.438975  0.419788
  0.590536  0.427609  0.399372  0.334472  0.333549  0.000000  0.257939
  0.638666  0.665867  0.668129  0.634230  0.512029  0.372458
AT5G42190.  1.457751  1.407230  0.572302  0.537881  0.390213  0.478756
  0.558957  0.394928  0.383676  0.465327  0.467365  0.257939  0.000000
  0.791036  0.722290  0.787364  0.793885  0.704217  0.472751
AT2G03160.  1.945208  1.678810  0.554414  0.648497  0.713420  0.811412
  0.802018  0.677975  0.637393  0.571844  0.564652  0.638666  0.791036
  0.000000  0.566534  0.450236  0.567753  0.439516  0.483073
AT2G20160.  2.000879  1.839323  0.758032  0.791607  0.712661  0.775842
  0.810444  0.789556  0.730735  0.739020  0.743360  0.665867  0.722290
  0.566534  0.000000  0.509301  0.326422  0.385494  0.469440
AT1G10230.  1.939658  1.764918  0.700813  0.810219  0.790954  0.926926
  0.814376  0.761727  0.738021  0.553887  0.564649  0.668129  0.787364
  0.450236  0.509301  0.000000  0.447335  0.386194  0.515846
AT2G03190.  1.841194  1.885717  0.668306  0.702948  0.665593  0.743274
  0.836776  0.711418  0.675684  0.691143  0.694947  0.634230  0.793885
  0.567753  0.326422  0.447335  0.000000  0.377329  0.378508
AT3G25650.  2.176823  1.925684  0.651817  0.664369  0.774442  0.785043
  0.718859  0.617708  0.590511  0.497377  0.496961  0.512029  0.704217
  0.439516  0.385494  0.386194  0.377329  0.000000  0.317122
AT2G03170.  1.594061  1.471251  0.651944  0.465109  0.532274  0.516508
  0.620780  0.495180  0.469823  0.368811  0.370302  0.372458  0.472751
  0.483073  0.469440  0.515846  0.378508  0.317122  0.000000
   19
AT2G45950.  0.000000  0.208830  1.503104  1.425677  1.519739  1.395214
  1.358267  1.496745  1.247387  1.558974  1.600852  1.355674  1.330558
  1.762583  1.612561  1.656447  1.597766  1.621613  1.467467
AT3G61415.  0.208830  0.000000  1.401281  1.348184  1.443210  1.333647
  1.238156  1.358428  1.134093  1.412058  1.444214  1.223208  1.299662
  1.545639  1.474174  1.518466  1.481644  1.457709  1.334632
AT3G60020.  1.503104  1.401281  0.000000  0.513267  0.438777  0.497004
  0.522125  0.580551  0.562286  0.518683  0.524755  0.453711  0.397664
  0.628613  0.714076  0.689945  0.655815  0.568816  0.589165
AT3G60010.  1.425677  1.348184  0.513267  0.000000  0.376439  0.375799
  0.515772  0.499509  0.464031  0.335844  0.336087  0.302405  0.363493
  0.509855  0.728161  0.620443  0.486594  0.516828  0.377857
AT1G20140.  1.519739  1.443210  0.438777  0.376439  0.000000  0.077157
  0.415120  0.449080  0.405295  0.426937  0.445496  0.320452  0.301219
  0.623765  0.572843  0.583525  0.496597  0.638803  0.412013
AT2G25700.  1.395214  1.333647  0.497004  0.375799  0.077157  0.000000
  0.459491  0.422413  0.358788  0.426821  0.436631  0.307388  0.352626
  0.595246  0.591669  0.648299  0.456500  0.607353  0.390310
AT3G21830.  1.358267  1.238156  0.522125  0.515772  0.415120  0.459491
  0.000000  0.209547  0.195826  0.420436  0.429941  0.312738  0.334437
  0.633190  0.630091  0.640985  0.582333  0.611927  0.529984
AT3G21860.  1.496745  1.358428  0.580551  0.499509  0.449080  0.422413
  0.209547  0.000000  0.124196  0.348537  0.357525  0.258580  0.348677
  0.597301  0.681492  0.702955  0.545022  0.546740  0.489318
AT3G21850.  1.247387  1.134093  0.562286  0.464031  0.405295  0.358788
  0.195826  0.124196  0.000000  0.356124  0.349050  0.239296  0.360040
  0.546084  0.669349  0.687297  0.496320  0.514167  0.464747
AT4G34210.  1.558974  1.412058  0.518683  0.335844  0.426937  0.426821
  0.420436  0.348537  0.356124  0.000000  0.017180  0.198826  0.313028
  0.525735  0.724950  0.568532  0.490144  0.489905  0.403144
AT4G34470.  1.600852  1.444214  0.524755  0.336087  0.445496  0.436631
  0.429941  0.357525  0.349050  0.017180  0.000000  0.205328  0.321402
  0.513341  0.731680  0.583051  0.500481  0.498852  0.412681
AT1G75950.  1.355674  1.223208  0.453711  0.302405  0.320452  0.307388
  0.312738  0.258580  0.239296  0.198826  0.205328  0.000000  0.192060
  0.510881  0.565593  0.606560  0.414330  0.494734  0.317396
AT5G42190.  1.330558  1.299662  0.397664  0.363493  0.301219  0.352626
  0.334437  0.348677  0.360040  0.313028  0.321402  0.192060  0.000000
  0.659462  0.582996  0.583823  0.554677  0.614668  0.409161
AT2G03160.  1.762583  1.545639  0.628613  0.509855  0.623765  0.595246
  0.633190  0.597301  0.546084  0.525735  0.513341  0.510881  0.659462
  0.000000  0.579585  0.567167  0.538858  0.391680  0.381395
AT2G20160.  1.612561  1.474174  0.714076  0.728161  0.572843  0.591669
  0.630091  0.681492  0.669349  0.724950  0.731680  0.565593  0.582996
  0.579585  0.000000  0.506319  0.422594  0.473557  0.467417
AT1G10230.  1.656447  1.518466  0.689945  0.620443  0.583525  0.648299
  0.640985  0.702955  0.687297  0.568532  0.583051  0.606560  0.583823
  0.567167  0.506319  0.000000  0.526279  0.477563  0.520734
AT2G03190.  1.597766  1.481644  0.655815  0.486594  0.496597  0.456500
  0.582333  0.545022  0.496320  0.490144  0.500481  0.414330  0.554677
  0.538858  0.422594  0.526279  0.000000  0.435762  0.321277
AT3G25650.  1.621613  1.457709  0.568816  0.516828  0.638803  0.607353
  0.611927  0.546740  0.514167  0.489905  0.498852  0.494734  0.614668
  0.391680  0.473557  0.477563  0.435762  0.000000  0.268650
AT2G03170.  1.467467  1.334632  0.589165  0.377857  0.412013  0.390310
  0.529984  0.489318  0.464747  0.403144  0.412681  0.317396  0.409161
  0.381395  0.467417  0.520734  0.321277  0.268650  0.000000
   19
AT2G45950.  0.000000  0.189088  1.560468  1.608314  1.599811  1.530610
  1.456787  1.739173  1.341357  1.474131  1.482053  1.417224  1.288987
  1.806931  1.628594  1.680695  1.726415  1.618377  1.455799
AT3G61415.  0.189088  0.000000  1.464612  1.584386  1.545136  1.493499
  1.368971  1.634612  1.257473  1.371818  1.374105  1.319292  1.270299
  1.672973  1.537324  1.590707  1.694736  1.494024  1.367017
AT3G60020.  1.560468  1.464612  0.000000  0.723030  0.725504  0.806351
  0.844687  0.914234  0.727074  0.637091  0.632411  0.547278  0.635180
  0.754956  0.769316  0.744553  0.858265  0.641585  0.712691
AT3G60010.  1.608314  1.584386  0.723030  0.000000  0.572660  0.632227
  0.754455  0.789047  0.717444  0.506638  0.497114  0.469710  0.492335
  0.633692  0.734689  0.597197  0.807648  0.769890  0.666988
AT1G20140.  1.599811  1.545136  0.725504  0.572660  0.000000  0.096878
  0.859430  0.810823  0.740606  0.674570  0.688574  0.557412  0.515282
  0.805746  0.661122  0.722420  0.866804  0.858866  0.602401
AT2G25700.  1.530610  1.493499  0.806351  0.632227  0.096878  0.000000
  0.843928  0.838217  0.733173  0.739731  0.741985  0.573929  0.538498
  0.863773  0.655050  0.792486  0.920299  0.928768  0.618413
AT3G21830.  1.456787  1.368971  0.844687  0.754455  0.859430  0.843928
  0.000000  0.298829  0.222985  0.517271  0.507744  0.573889  0.587867
  0.662249  0.946839  0.814877  0.871403  0.777857  0.704316
AT3G21860.  1.739173  1.634612  0.914234  0.789047  0.810823  0.838217
  0.298829  0.000000  0.168862  0.451662  0.442227  0.514524  0.528786
  0.799785  0.980191  0.885862  0.899608  0.752495  0.720889
AT3G21850.  1.341357  1.257473  0.727074  0.717444  0.740606  0.733173
  0.222985  0.168862  0.000000  0.435074  0.425918  0.484665  0.520976
  0.594135  0.825464  0.686623  0.735405  0.588439  0.583010
AT4G34210.  1.474131  1.371818  0.637091  0.506638  0.674570  0.739731
  0.517271  0.451662  0.435074  0.000000  0.006433  0.324583  0.424395
  0.663450  0.920577  0.631042  0.819255  0.660964  0.543138
AT4G34470.  1.482053  1.374105  0.632411  0.497114  0.688574  0.741985
  0.507744  0.442227  0.425918  0.006433  0.000000  0.324076  0.425375
  0.659022  0.924050  0.638177  0.822041  0.661260  0.544666
AT1G75950.  1.417224  1.319292  0.547278  0.469710  0.557412  0.573929
  0.573889  0.514524  0.484665  0.324583  0.324076  0.000000  0.227207
  0.710878  0.643127  0.580590  0.758156  0.686013  0.504152
AT5G42190.  1.288987  1.270299  0.635180  0.492335  0.515282  0.538498
  0.587867  0.528786  0.520976  0.424395  0.425375  0.227207  0.000000
  0.789430  0.660424  0.634038  0.906235  0.743009  0.503660
AT2G03160.  1.806931  1.672973  0.754956  0.633692  0.805746  0.863773
  0.662249  0.799785  0.594135  0.663450  0.659022  0.710878  0.789430
  0.000000  0.632008  0.500740  0.619963  0.496302  0.477604
AT2G20160.  1.628594  1.537324  0.769316  0.734689  0.661122  0.655050
  0.946839  0.980191  0.825464  0.920577  0.924050  0.643127  0.660424
  0.632008  0.000000  0.494898  0.477698  0.450858  0.581214
AT1G10230.  1.680695  1.590707  0.744553  0.597197  0.722420  0.792486
  0.814877  0.885862  0.686623  0.631042  0.638177  0.580590  0.634038
  0.500740  0.494898  0.000000  0.493608  0.287702  0.454356
AT2G03190.  1.726415  1.694736  0.858265  0.807648  0.866804  0.920299
  0.871403  0.899608  0.735405  0.819255  0.822041  0.758156  0.906235
  0.619963  0.477698  0.493608  0.000000  0.458585  0.411827
AT3G25650.  1.618377  1.494024  0.641585  0.769890  0.858866  0.928768
  0.777857  0.752495  0.588439  0.660964  0.661260  0.686013  0.743009
  0.496302  0.450858  0.287702  0.458585  0.000000  0.398144
AT2G03170.  1.455799  1.367017  0.712691  0.666988  0.602401  0.618413
  0.704316  0.720889  0.583010  0.543138  0.544666  0.504152  0.503660
  0.477604  0.581214  0.454356  0.411827  0.398144  0.000000
